474
470
100
447
192
428
153
249
141
354
432
467
177
354
173
466
323
105
350
481
206
188
480
500
152
108
313
125
229
420
491
316
117
246
395
493
383
482
343
408
397
245
409
230
302
267
478
202
240
140
149
314
107
337
147
133
489
292
216
457
277
312
296
148
299
439
222
182
402
246
101
375
202
446
358
330
468
439
470
397
193
369
436
435
134
374
435
294
446
152
175
496
244
401
443
112
117
335
437
188
298
312
440
154
370
286
272
426
465
114
401
123
298
459
405
405
497
411
189
127
492
444
124
108
139
196
404
348
297
232
459
165
152
175
138
100
160
419
297
250
295
269
278
262
420
296
321
145
352
411
356
261
357
268
181
298
401
387
194
235
205
397
491
174
401
482
394
200
248
124
162
486
392
490
490
285
386
281
287
301
205
383
141
463
149
339
116
355
288
447
382
226
106
441
327
305
296
201
359
335
418
114
379
219
133
421
200
354
448
449
500
389
175
290
453
192
428
445
129
449
